path record v.2
171
Posi  0.000000 -1.000000 15.999999
Orie  0.000000 0.000000 0.000000 1.000000
Posi  0.327389 -1.420300 16.431231
Orie  -0.000586 0.004419 -0.000026 0.999990
Posi  0.696810 -1.947155 17.021122
Orie  -0.001171 0.008839 -0.000052 0.999960
Posi  1.098915 -2.545047 17.711172
Orie  -0.001757 0.013258 -0.000078 0.999911
Posi  1.524353 -3.178457 18.442884
Orie  -0.002343 0.017677 -0.000104 0.999841
Posi  1.963775 -3.811867 19.157753
Orie  -0.002928 0.022096 -0.000129 0.999752
Posi  2.407832 -4.409759 19.797285
Orie  -0.003514 0.026514 -0.000155 0.999642
Posi  2.847174 -4.936614 20.302979
Orie  -0.004099 0.030932 -0.000181 0.999513
Posi  3.272452 -5.356914 20.616335
Orie  -0.004684 0.035349 -0.000207 0.999364
Posi  3.674316 -5.635141 20.678854
Orie  -0.005270 0.039765 -0.000233 0.999195
Posi  4.043417 -5.735776 20.432037
Orie  -0.005855 0.044180 -0.000259 0.999006
Posi  4.228553 -5.613879 19.783285
Orie  -0.014618 0.057190 -0.001885 0.998255
Posi  4.145061 -5.281317 18.754297
Orie  -0.023377 0.070185 -0.003510 0.997254
Posi  3.883395 -4.787781 17.458010
Orie  -0.032130 0.083163 -0.005134 0.996005
Posi  3.534017 -4.182967 16.007372
Orie  -0.040876 0.096120 -0.006757 0.994507
Posi  3.187381 -3.516565 14.515319
Orie  -0.049611 0.109053 -0.008378 0.992762
Posi  2.933947 -2.838269 13.094798
Orie  -0.058334 0.121959 -0.009997 0.990769
Posi  2.864172 -2.197771 11.858750
Orie  -0.067042 0.134834 -0.011614 0.988529
Posi  3.068515 -1.644765 10.920118
Orie  -0.075733 0.147676 -0.013228 0.986043
Posi  3.637432 -1.228944 10.391843
Orie  -0.084406 0.160481 -0.014839 0.983311
Posi  4.661380 -1.000000 10.386868
Orie  -0.093058 0.173247 -0.016445 0.980334
Posi  6.184824 -0.991854 11.110208
Orie  -0.091562 0.125294 -0.012604 0.987805
Posi  8.100687 -1.175344 12.549913
Orie  -0.089850 0.077044 -0.008732 0.992932
Posi  10.272107 -1.505533 14.493482
Orie  -0.087924 0.028611 -0.004840 0.995704
Posi  12.562230 -1.937487 16.728409
Orie  -0.085790 -0.019890 -0.000937 0.996114
Posi  14.834194 -2.426269 19.042191
Orie  -0.083452 -0.068344 0.002969 0.994161
Posi  16.951145 -2.926946 21.222326
Orie  -0.080916 -0.116635 0.006868 0.989849
Posi  18.776224 -3.394583 23.056313
Orie  -0.078189 -0.164650 0.010751 0.983189
Posi  20.172573 -3.784242 24.331644
Orie  -0.075276 -0.212274 0.014608 0.974197
Posi  21.003334 -4.050991 24.835817
Orie  -0.072184 -0.259394 0.018430 0.962894
Posi  21.131651 -4.149892 24.356333
Orie  -0.068921 -0.305900 0.022209 0.949306
Posi  20.552725 -4.082956 22.949642
Orie  -0.068542 -0.350244 0.026173 0.933780
Posi  19.413782 -3.897901 20.898369
Orie  -0.068011 -0.393810 0.030079 0.916179
Posi  17.805977 -3.618348 18.329243
Orie  -0.067328 -0.436500 0.033919 0.896540
Posi  15.820479 -3.267922 15.369007
Orie  -0.066496 -0.478220 0.037683 0.874908
Posi  13.548448 -2.870248 12.144394
Orie  -0.065516 -0.518876 0.041363 0.851331
Posi  11.081048 -2.448950 8.782146
Orie  -0.064390 -0.558379 0.044951 0.825861
Posi  8.509444 -2.027652 5.408997
Orie  -0.063121 -0.596641 0.048439 0.798554
Posi  5.924799 -1.629978 2.151686
Orie  -0.061712 -0.633576 0.051820 0.769473
Posi  3.418277 -1.279553 -0.863049
Orie  -0.060166 -0.669102 0.055085 0.738680
Posi  1.081043 -1.000000 -3.508468
Orie  -0.058485 -0.703140 0.058228 0.706245
Posi  -0.840110 -0.802139 -5.641382
Orie  -0.059851 -0.705943 0.060215 0.703162
Posi  -2.236768 -0.674482 -7.242010
Orie  -0.061216 -0.708728 0.062201 0.700063
Posi  -3.225342 -0.607190 -8.368731
Orie  -0.062579 -0.711498 0.064186 0.696947
Posi  -3.922247 -0.590426 -9.079931
Orie  -0.063941 -0.714250 0.066169 0.693815
Posi  -4.443896 -0.614352 -9.433990
Orie  -0.065301 -0.716987 0.068150 0.690667
Posi  -4.906702 -0.669130 -9.489293
Orie  -0.066660 -0.719706 0.070130 0.687503
Posi  -5.427078 -0.744921 -9.304222
Orie  -0.068017 -0.722409 0.072108 0.684324
Posi  -6.121437 -0.831889 -8.937160
Orie  -0.069373 -0.725096 0.074085 0.681128
Posi  -7.106193 -0.920194 -8.446488
Orie  -0.070727 -0.727765 0.076060 0.677916
Posi  -8.497756 -1.000000 -7.890592
Orie  -0.072079 -0.730418 0.078033 0.674689
Posi  -10.145744 -1.043790 -7.251653
Orie  -0.122778 -0.630209 0.033840 0.765909
Posi  -11.797478 -1.044337 -6.476090
Orie  -0.170666 -0.515578 -0.011128 0.839600
Posi  -13.415924 -1.022240 -5.568636
Orie  -0.214649 -0.389147 -0.055841 0.894076
Posi  -14.964057 -0.998096 -4.534026
Orie  -0.253719 -0.253811 -0.099276 0.928090
Posi  -16.404844 -0.992501 -3.376992
Orie  -0.286982 -0.112665 -0.140439 0.940864
Posi  -17.701260 -1.026054 -2.102268
Orie  -0.313678 0.031059 -0.178388 0.932105
Posi  -18.816273 -1.119352 -0.714588
Orie  -0.333195 0.174072 -0.212254 0.902014
Posi  -19.712854 -1.292991 0.781314
Orie  -0.345086 0.313101 -0.241263 0.851279
Posi  -20.353975 -1.567570 2.380704
Orie  -0.349080 0.444965 -0.264750 0.781062
Posi  -20.702606 -1.963685 4.078846
Orie  -0.345084 0.566645 -0.282177 0.692969
Posi  -20.734196 -2.430091 5.689564
Orie  -0.337069 0.552280 -0.266455 0.714404
Posi  -20.467880 -2.903216 7.062600
Orie  -0.328725 0.537376 -0.250472 0.735140
Posi  -19.932146 -3.385169 8.247107
Orie  -0.320060 0.521946 -0.234245 0.755158
Posi  -19.155489 -3.878063 9.292236
Orie  -0.311082 0.506006 -0.217789 0.774438
Posi  -18.166395 -4.384006 10.247141
Orie  -0.301800 0.489572 -0.201119 0.792961
Posi  -16.993362 -4.905108 11.160975
Orie  -0.292223 0.472659 -0.184254 0.810709
Posi  -15.664881 -5.443482 12.082891
Orie  -0.282360 0.455285 -0.167208 0.827665
Posi  -14.209443 -6.001236 13.062040
Orie  -0.272222 0.437465 -0.149999 0.843813
Posi  -12.655540 -6.580481 14.147576
Orie  -0.261818 0.419218 -0.132643 0.859135
Posi  -11.031669 -7.183326 15.388651
Orie  -0.251157 0.400561 -0.115158 0.873619
Posi  -9.520082 -7.776977 16.632206
Orie  -0.247706 0.410204 -0.116507 0.869943
Posi  -8.241364 -8.322795 17.702677
Orie  -0.244224 0.419798 -0.117841 0.866162
Posi  -7.131481 -8.814119 18.615448
Orie  -0.240714 0.429341 -0.119162 0.862278
Posi  -6.126403 -9.244295 19.385910
Orie  -0.237174 0.438833 -0.120469 0.858290
Posi  -5.162098 -9.606661 20.029448
Orie  -0.233606 0.448271 -0.121761 0.854199
Posi  -4.174537 -9.894562 20.561453
Orie  -0.230010 0.457656 -0.123038 0.850005
Posi  -3.099688 -10.101338 20.997313
Orie  -0.226386 0.466986 -0.124300 0.845708
Posi  -1.873521 -10.220333 21.352415
Orie  -0.222735 0.476260 -0.125548 0.841310
Posi  -0.432003 -10.244888 21.642149
Orie  -0.219057 0.485476 -0.126780 0.836811
Posi  1.288892 -10.168345 21.881901
Orie  -0.215353 0.494635 -0.127998 0.832212
Posi  3.175100 -9.991336 22.142704
Orie  -0.213107 0.621146 -0.123862 0.743923
Posi  5.041087 -9.724948 22.441555
Orie  -0.205784 0.732860 -0.116776 0.637912
Posi  6.843682 -9.378204 22.712767
Orie  -0.193559 0.827116 -0.106908 0.516705
Posi  8.539719 -8.960132 22.890667
Orie  -0.176723 0.901669 -0.094493 0.383189
Posi  10.086025 -8.479753 22.909575
Orie  -0.155677 0.954741 -0.079827 0.240545
Posi  11.439436 -7.946097 22.703814
Orie  -0.130922 0.985070 -0.063259 0.092170
Posi  12.556781 -7.368187 22.207708
Orie  -0.103049 0.991932 -0.045185 -0.058401
Posi  13.394892 -6.755048 21.355581
Orie  -0.072720 0.975164 -0.026034 -0.207580
Posi  13.910600 -6.115706 20.081751
Orie  -0.040659 0.935165 -0.006263 -0.351814
Posi  14.060736 -5.459187 18.320545
Orie  0.007630 -0.872889 -0.013658 0.487667
Posi  13.713820 -4.837656 16.193592
Orie  0.016948 -0.866830 -0.026201 0.497626
Posi  12.842971 -4.290358 13.896634
Orie  0.026259 -0.860441 -0.038735 0.507396
Posi  11.561912 -3.806923 11.475143
Orie  0.035560 -0.853726 -0.051254 0.516973
Posi  9.984372 -3.376988 8.974604
Orie  0.044847 -0.846685 -0.063753 0.526354
Posi  8.224076 -2.990184 6.440488
Orie  0.054117 -0.839323 -0.076228 0.535534
Posi  6.394752 -2.636147 3.918278
Orie  0.063367 -0.831642 -0.088675 0.544511
Posi  4.610126 -2.304509 1.453451
Orie  0.072593 -0.823645 -0.101087 0.553281
Posi  2.983925 -1.984906 -0.908514
Orie  0.081791 -0.815335 -0.113461 0.561841
Posi  1.629876 -1.666970 -3.122140
Orie  0.090958 -0.806715 -0.125792 0.570187
Posi  0.661707 -1.340336 -5.141945
Orie  0.100091 -0.797789 -0.138076 0.578316
Posi  0.085467 -1.061876 -6.712059
Orie  0.116330 -0.786064 -0.150587 0.588127
Posi  -0.191574 -0.883846 -7.680966
Orie  0.132493 -0.773825 -0.163000 0.597554
Posi  -0.203861 -0.788954 -8.159724
Orie  0.148569 -0.761080 -0.175307 0.606590
Posi  0.014160 -0.759906 -8.259396
Orie  0.164548 -0.747838 -0.187499 0.615229
Posi  0.428043 -0.779412 -8.091040
Orie  0.180420 -0.734106 -0.199568 0.623466
Posi  1.003341 -0.830178 -7.765718
Orie  0.196173 -0.719894 -0.211507 0.631295
Posi  1.705610 -0.894912 -7.394489
Orie  0.211798 -0.705211 -0.223308 0.638712
Posi  2.500402 -0.956322 -7.088415
Orie  0.227285 -0.690067 -0.234962 0.645710
Posi  3.353272 -0.997116 -6.958556
Orie  0.242623 -0.674472 -0.246463 0.652286
Posi  4.229773 -1.000000 -7.115972
Orie  0.257802 -0.658436 -0.257802 0.658436
Posi  5.189848 -0.983496 -7.495601
Orie  0.277382 -0.638434 -0.258860 0.669666
Posi  6.276542 -0.976471 -7.936108
Orie  0.296708 -0.617851 -0.259683 0.680287
Posi  7.430056 -0.977157 -8.404140
Orie  0.315765 -0.596705 -0.260268 0.690287
Posi  8.590596 -0.983784 -8.866348
Orie  0.334534 -0.575015 -0.260617 0.699660
Posi  9.698367 -0.994582 -9.289378
Orie  0.352998 -0.552802 -0.260728 0.708395
Posi  10.693574 -1.007783 -9.639882
Orie  0.371141 -0.530085 -0.260602 0.716485
Posi  11.516421 -1.021615 -9.884506
Orie  0.388946 -0.506886 -0.260239 0.723922
Posi  12.107113 -1.034311 -9.989902
Orie  0.406396 -0.483225 -0.259639 0.730700
Posi  12.405854 -1.044101 -9.922714
Orie  0.423477 -0.459124 -0.258802 0.736813
Posi  12.352850 -1.049214 -9.649596
Orie  0.440172 -0.434605 -0.257729 0.742255
Posi  12.017900 -1.031764 -9.278724
Orie  0.445893 -0.546384 -0.188684 0.683405
Posi  11.509171 -0.983584 -8.916259
Orie  0.442359 -0.646821 -0.115723 0.610368
Posi  10.824398 -0.917483 -8.525816
Orie  0.429642 -0.733831 -0.040359 0.524662
Posi  9.961331 -0.846274 -8.071015
Orie  0.408007 -0.805609 0.035843 0.428065
Posi  8.917709 -0.782767 -7.515472
Orie  0.377903 -0.860664 0.111300 0.322582
Posi  7.691278 -0.739772 -6.822808
Orie  0.339954 -0.897853 0.184447 0.210403
Posi  6.279780 -0.730102 -5.956638
Orie  0.294949 -0.916405 0.253766 0.093857
Posi  4.680959 -0.766566 -4.880582
Orie  0.243821 -0.915935 0.317817 -0.024638
Posi  2.892558 -0.861976 -3.558257
Orie  0.187632 -0.896452 0.375271 -0.142621
Posi  0.912324 -1.029142 -1.953284
Orie  -0.127548 0.858360 -0.424934 0.257644
Posi  -1.127800 -1.250684 -0.207702
Orie  -0.119854 0.868728 -0.411197 0.248724
Posi  -3.090628 -1.497517 1.509743
Orie  -0.112109 0.878718 -0.397281 0.239696
Posi  -4.970565 -1.764897 3.195382
Orie  -0.104315 0.888326 -0.383192 0.230564
Posi  -6.762017 -2.048080 4.845546
Orie  -0.096475 0.897547 -0.368936 0.221331
Posi  -8.459389 -2.342324 6.456566
Orie  -0.088594 0.906378 -0.354520 0.212002
Posi  -10.057087 -2.642884 8.024775
Orie  -0.080674 0.914815 -0.339950 0.202581
Posi  -11.549517 -2.945016 9.546501
Orie  -0.072718 0.922854 -0.325232 0.193072
Posi  -12.931082 -3.243978 11.018078
Orie  -0.064732 0.930491 -0.310372 0.183479
Posi  -14.196189 -3.535024 12.435836
Orie  -0.056717 0.937724 -0.295378 0.173806
Posi  -15.339242 -3.813411 13.796104
Orie  -0.048677 0.944549 -0.280255 0.164057
Posi  -16.248383 -4.072515 14.946119
Orie  -0.088378 0.917654 -0.273660 0.274245
Posi  -16.835262 -4.305560 15.765403
Orie  -0.126799 0.877468 -0.263101 0.380460
Posi  -17.129555 -4.507576 16.298706
Orie  -0.163384 0.824572 -0.248732 0.481164
Posi  -17.160938 -4.673596 16.590790
Orie  -0.197601 0.759733 -0.230760 0.574899
Posi  -16.959080 -4.798648 16.686409
Orie  -0.228957 0.683890 -0.209446 0.660307
Posi  -16.553661 -4.877766 16.630325
Orie  -0.256997 0.598141 -0.185097 0.736151
Posi  -15.974354 -4.905979 16.467293
Orie  -0.281314 0.503729 -0.158068 0.801333
Posi  -15.250833 -4.878320 16.242071
Orie  -0.301557 0.402020 -0.128750 0.854907
Posi  -14.412772 -4.789818 15.999417
Orie  -0.317431 0.294489 -0.097566 0.896100
Posi  -13.489848 -4.635505 15.784088
Orie  -0.328708 0.182692 -0.064970 0.924312
Posi  -12.558356 -4.402742 15.492254
Orie  -0.324172 0.174733 -0.061524 0.927683
Posi  -11.658224 -4.095259 15.025354
Orie  -0.319601 0.166756 -0.058071 0.930954
Posi  -10.764563 -3.732635 14.436037
Orie  -0.314996 0.158760 -0.054612 0.934125
Posi  -9.852488 -3.334451 13.776961
Orie  -0.310357 0.150748 -0.051148 0.937197
Posi  -8.897110 -2.920287 13.100776
Orie  -0.305685 0.142719 -0.047677 0.940167
Posi  -7.873547 -2.509723 12.460138
Orie  -0.300980 0.134675 -0.044202 0.943037
Posi  -6.756910 -2.122340 11.907701
Orie  -0.296243 0.126617 -0.040722 0.945806
Posi  -5.522315 -1.777718 11.496119
Orie  -0.291474 0.118545 -0.037238 0.948474
Posi  -4.144875 -1.495438 11.278047
Orie  -0.286674 0.110460 -0.033749 0.951040
Posi  -2.599705 -1.295080 11.306135
Orie  -0.281843 0.102364 -0.030257 0.953504
Posi  -1.091333 -1.209486 11.609118
Orie  -0.276846 0.025773 -0.013317 0.960476
Posi  0.192289 -1.241129 12.143358
Orie  -0.270126 -0.050979 0.003706 0.961467
Posi  1.300920 -1.364027 12.852944
Orie  -0.261723 -0.127413 0.020706 0.956472
Posi  2.284318 -1.552203 13.681974
Orie  -0.251691 -0.203054 0.037578 0.945520
Posi  3.192241 -1.779676 14.574539
Orie  -0.240091 -0.277430 0.054215 0.928681
Posi  4.074446 -2.020467 15.474736
Orie  -0.226997 -0.350079 0.070515 0.906060
Posi  4.980691 -2.248598 16.326656
Orie  -0.212489 -0.420549 0.086375 0.877797
Posi  5.960734 -2.438088 17.074396
Orie  -0.196657 -0.488399 0.101698 0.844067
Posi  7.064334 -2.562959 17.662048
Orie  -0.179602 -0.553208 0.116388 0.805082
Posi  8.341246 -2.597232 18.033707
Orie  -0.161428 -0.614573 0.130352 0.761084
